HEDERA_TREASURY_ACCOUNT_ID=0.0.1234
HEDERA_TREASURY_PRIVATE_KEY=302e020100300506032b657004220420...
HEDERA_OPERATOR_ACCOUNT_ID=0.0.5678
HEDERA_OPERATOR_PRIVATE_KEY=302e020100300506032b657004220420...
HCS_TRANSACTIONS_TOPIC_ID=0.0.9999
HCS_TONTINES_TOPIC_ID=0.0.10000
HCS_COMPLIANCE_TOPIC_ID=0.0.10001
HCS_SECURITY_TOPIC_ID=0.0.10002
HCS_ENCRYPTION_KEY=0123456789abcdef0123456789abcdef0123456789abcdef0123456789abcdef
TONTINE_FACTORY_CONTRACT_ID=0.0.1111
DATABASE_URL=postgresql://user:pass@localhost:5432/afrione